#Rev: sensefly/geoinfo/2
fileName	latitude	longitude	altitude_amsl	altitude_wgs84	heading	pitch	roll
IMG_0446.JPG	41.0346708000	-83.3057253000	313.99	281.69	70.06	2.56	-2.93
IMG_0447.JPG	41.0347606000	-83.3054654000	315.75	283.82	30.44	-1.40	-2.65
IMG_0448.JPG	41.0348986000	-83.3052120000	322.08	290.41	28.90	-1.04	-10.79
IMG_0449.JPG	41.0350661000	-83.3049539000	323.64	291.76	38.07	9.18	0.93
IMG_0450.JPG	41.0352376000	-83.3046963000	317.57	284.50	59.15	6.94	5.47
IMG_0451.JPG	41.0353700000	-83.3043805000	319.40	287.28	69.15	6.03	-2.06
IMG_0452.JPG	41.0354814000	-83.3041065600	320.06	288.72	60.64	3.37	-10.33
IMG_0453.JPG	41.0356446000	-83.3038206000	318.03	286.82	59.01	2.79	-4.60
IMG_0454.JPG	41.0357759000	-83.3035330000	315.40	284.12	67.73	-2.41	-3.97
IMG_0455.JPG	41.0360541333	-83.3031076000	323.68	292.01	24.49	6.66	2.83
IMG_0456.JPG	41.0363591000	-83.3037614000	318.59	284.05	242.58	5.88	4.99
IMG_0457.JPG	41.0357282000	-83.3047768000	314.78	283.41	221.85	5.74	-3.61
IMG_0458.JPG	41.0354719000	-83.3052236000	312.20	279.68	236.85	1.32	-7.05
IMG_0459.JPG	41.0352357000	-83.3057527000	314.03	281.92	240.27	-9.62	-0.23
IMG_0460.JPG	41.0351924000	-83.3065655000	316.26	285.12	61.38	-0.03	-1.56
IMG_0461.JPG	41.0353080000	-83.3062512000	322.15	288.40	60.61	4.36	-4.91
IMG_0462.JPG	41.0354537000	-83.3058593000	322.43	287.14	71.27	8.87	3.76
IMG_0463.JPG	41.0357482000	-83.3054237000	321.58	286.18	40.64	8.11	-1.78
IMG_0464.JPG	41.0359328000	-83.3051231000	321.34	284.83	67.54	7.75	2.23
IMG_0465.JPG	41.0360433000	-83.3047927000	323.63	288.20	57.93	10.64	-4.93
IMG_0466.JPG	41.0362123000	-83.3044972667	320.49	283.49	54.91	10.90	-2.02
IMG_0467.JPG	41.0363877000	-83.3042441000	316.30	280.30	41.76	7.62	1.62
IMG_0468.JPG	41.0365294000	-83.3039431000	315.84	279.86	55.14	5.08	1.23
IMG_0469.JPG	41.0366645000	-83.3036545000	315.41	278.64	53.49	5.02	-1.39
IMG_0470.JPG	41.0369659000	-83.3043454000	318.45	282.73	245.10	7.79	-2.36
IMG_0471.JPG	41.0363658000	-83.3052794000	318.79	284.14	222.28	6.63	-2.93
IMG_0472.JPG	41.0360420000	-83.3059365000	316.60	280.91	244.86	5.43	-2.34
IMG_0473.JPG	41.0359351000	-83.3068092000	319.20	283.59	38.05	6.70	-14.18
IMG_0474.JPG	41.0360976000	-83.3065200000	321.30	286.02	63.20	8.76	0.08
IMG_0475.JPG	41.0362586000	-83.3062394000	319.97	283.68	33.82	6.97	-2.71
IMG_0476.JPG	41.0364383000	-83.3059563000	316.24	278.71	62.05	9.03	-2.84
IMG_0477.JPG	41.0365620500	-83.3056427500	320.34	282.89	55.29	5.83	-2.71
IMG_0478.JPG	41.0367463000	-83.3053553000	318.42	282.85	46.26	8.39	-2.84
IMG_0479.JPG	41.0368967000	-83.3050727000	317.62	280.71	59.89	5.84	0.25
IMG_0480.JPG	41.0370286000	-83.3048093000	319.72	282.84	43.88	5.34	-0.06
IMG_0481.JPG	41.0371746000	-83.3045107000	318.22	280.54	49.14	5.59	-1.51
IMG_0482.JPG	41.0372974000	-83.3041605000	319.84	282.35	73.34	5.95	-1.98
IMG_0483.JPG	41.0370545000	-83.3057238000	318.66	282.65	222.93	4.71	-4.73
IMG_0484.JPG	41.0367453000	-83.3062719000	317.97	282.20	235.80	4.71	-5.56
IMG_0485.JPG	41.0364951000	-83.3068465000	318.54	282.70	237.57	4.89	0.73
IMG_0486.JPG	41.0365791000	-83.3073587000	317.28	279.15	53.34	4.81	-2.98
IMG_0487.JPG	41.0367195000	-83.3070680000	321.15	282.53	48.97	8.68	-0.59
IMG_0488.JPG	41.0368471000	-83.3067675000	319.76	282.00	57.53	6.41	-1.82
IMG_0489.JPG	41.0369906000	-83.3064768000	317.26	279.70	67.14	5.22	-1.66
IMG_0490.JPG	41.0371020000	-83.3061637000	321.12	283.46	62.94	6.93	-3.49
IMG_0491.JPG	41.0373084000	-83.3058907000	318.88	281.52	29.42	5.37	-6.16
IMG_0492.JPG	41.0374622000	-83.3055776000	320.82	283.47	75.74	6.70	-3.00
IMG_0493.JPG	41.0376541000	-83.3052504000	319.80	282.38	36.07	8.23	-2.33
IMG_0494.JPG	41.0378105000	-83.3049700000	317.51	279.36	63.66	7.74	2.59
IMG_0495.JPG	41.0377275000	-83.3061130000	316.90	279.38	218.54	8.59	-1.46
IMG_0496.JPG	41.0374317500	-83.3066529500	317.13	281.13	243.70	3.47	-0.39
IMG_0497.JPG	41.0371959000	-83.3072224000	321.77	287.16	239.14	8.51	0.82
IMG_0498.JPG	41.0368798000	-83.3078058000	320.43	283.83	224.58	8.75	-2.83
IMG_0499.JPG	41.0372092000	-83.3078892000	316.83	280.61	43.87	5.78	-1.14
IMG_0500.JPG	41.0373458500	-83.3076204000	319.74	283.90	60.58	0.73	-3.43
IMG_0501.JPG	41.0375190000	-83.3073139000	323.36	286.79	49.78	8.69	-2.11
IMG_0502.JPG	41.0377050000	-83.3069907000	322.20	284.01	57.49	10.19	2.85
IMG_0503.JPG	41.0379004000	-83.3066380000	323.64	284.48	42.62	8.75	2.60
IMG_0504.JPG	41.0380947000	-83.3063119000	320.05	282.65	60.91	7.81	0.94
IMG_0505.JPG	41.0382408000	-83.3059820000	318.25	278.17	48.95	6.75	-1.85
IMG_0506.JPG	41.0383929000	-83.3056454000	320.38	282.11	69.33	11.45	4.29
IMG_0507.JPG	41.0380042000	-83.3057045000	316.62	279.03	264.85	5.17	9.94
IMG_0508.JPG	41.0378905000	-83.3062248000	318.59	282.41	253.90	3.47	-0.79
IMG_0509.JPG	41.0378658000	-83.3060962000	315.59	279.96	139.95	2.60	-3.67
IMG_0510.JPG	41.0375964000	-83.3058315000	315.80	279.61	148.29	0.59	0.34
IMG_0511.JPG	41.0372922000	-83.3056447000	315.27	281.17	167.90	-2.02	-8.17
IMG_0512.JPG	41.0366678000	-83.3050986000	322.05	287.77	131.06	6.19	-9.77
IMG_0513.JPG	41.0365052000	-83.3048166000	319.04	283.76	129.48	10.04	6.38
IMG_0514.JPG	41.0362150000	-83.3045345000	319.36	284.71	145.12	1.74	-17.67
IMG_0515.JPG	41.0359167000	-83.3042618000	320.38	284.91	149.02	4.83	-5.85
IMG_0516.JPG	41.0346618000	-83.3056653000	319.44	283.66	66.99	8.89	0.10
IMG_0517.JPG	41.0347668000	-83.3053756000	323.33	287.01	73.92	7.68	2.53
IMG_0518.JPG	41.0349625000	-83.3051127000	323.23	287.02	41.61	9.85	-0.27
IMG_0519.JPG	41.0351392000	-83.3048484000	318.91	282.96	46.32	9.68	0.46
IMG_0520.JPG	41.0353034200	-83.3045669500	319.74	281.89	49.18	8.17	-3.28
IMG_0521.JPG	41.0354237000	-83.3043110000	315.77	279.61	68.30	4.67	-1.93
IMG_0522.JPG	41.0346662000	-83.3056823000	315.14	280.20	86.28	4.11	-0.84
IMG_0523.JPG	41.0347876000	-83.3054073000	319.08	282.92	52.35	5.03	1.26
IMG_0524.JPG	41.0349268000	-83.3051283000	319.96	282.23	68.32	8.67	0.81
IMG_0525.JPG	41.0350907000	-83.3048771000	321.46	283.87	29.48	8.70	-0.64
IMG_0526.JPG	41.0352676000	-83.3046643000	317.77	279.76	45.11	10.69	-2.22
IMG_0527.JPG	41.0354212000	-83.3043784000	319.91	282.09	29.86	7.45	-6.86
IMG_0528.JPG	41.0355687000	-83.3041022000	317.83	281.40	48.36	9.80	-5.24
IMG_0529.JPG	41.0356996000	-83.3037407000	323.19	286.34	62.07	11.31	-4.25
IMG_0530.JPG	41.0358839000	-83.3033824000	322.21	286.58	35.06	9.34	0.98
IMG_0531.JPG	41.0360516000	-83.3031360000	321.46	284.69	39.30	12.26	4.45
IMG_0532.JPG	41.0360750000	-83.3041712000	317.20	280.35	210.89	1.08	4.08
IMG_0533.JPG	41.0357677000	-83.3045832000	320.30	284.79	247.33	-2.55	-7.29
IMG_0534.JPG	41.0354787000	-83.3052158000	323.14	287.75	231.80	10.68	-5.77
IMG_0535.JPG	41.0352089000	-83.3058146000	318.38	282.95	242.61	5.57	-0.42
IMG_0536.JPG	41.0353523000	-83.3062159000	318.97	282.22	31.64	6.46	8.35
IMG_0537.JPG	41.0355000000	-83.3059446000	319.08	285.17	40.89	9.15	-8.69
IMG_0538.JPG	41.0356538000	-83.3056740000	315.42	280.22	34.89	8.36	4.39
IMG_0539.JPG	41.0357832000	-83.3053485000	314.98	280.77	62.71	5.45	1.60
IMG_0540.JPG	41.0359193000	-83.3050337000	317.13	281.26	66.80	0.79	1.87
IMG_0541.JPG	41.0363280000	-83.3044674000	320.63	283.60	28.78	8.27	0.56
IMG_0542.JPG	41.0364669000	-83.3042176000	322.00	284.86	61.23	10.73	-4.71
IMG_0543.JPG	41.0366359000	-83.3038293000	322.28	286.05	56.42	12.03	-3.68
IMG_0544.JPG	41.0366667000	-83.3047410000	311.07	274.18	216.85	5.93	6.29
IMG_0545.JPG	41.0363319000	-83.3055260000	313.36	279.62	249.40	1.47	-9.11
IMG_0546.JPG	41.0360322000	-83.3059936000	314.49	281.28	220.80	-6.19	-9.31
IMG_0547.JPG	41.0356994000	-83.3064653000	312.56	280.31	231.26	1.98	2.20
IMG_0548.JPG	41.0359472000	-83.3068075000	316.07	281.71	32.50	6.30	-3.11
IMG_0549.JPG	41.0360701000	-83.3065007000	318.30	283.59	62.17	4.69	-5.36
IMG_0550.JPG	41.0362232000	-83.3062399000	319.34	285.25	58.15	1.09	1.07
IMG_0551.JPG	41.0363716000	-83.3059405000	320.46	284.82	50.02	10.26	-4.57
IMG_0552.JPG	41.0365272500	-83.3056593000	313.38	277.87	43.89	2.86	-3.84
IMG_0553.JPG	41.0367040000	-83.3053526000	312.98	276.70	52.20	-1.42	-5.89
IMG_0554.JPG	41.0368386500	-83.3051123500	314.12	281.62	40.95	-7.97	-5.13
IMG_0555.JPG	41.0369646000	-83.3048348000	313.52	279.81	63.77	-12.29	-10.51
IMG_0556.JPG	41.0371276000	-83.3045409000	314.25	280.71	47.12	-3.37	-5.05
IMG_0557.JPG	41.0372558000	-83.3043034000	314.74	282.98	28.06	-2.97	-6.15
IMG_0558.JPG	41.0375923000	-83.3048210000	318.99	285.99	241.78	6.52	0.59
IMG_0559.JPG	41.0373706000	-83.3052718000	317.99	283.63	232.75	1.15	-5.89
IMG_0560.JPG	41.0371153000	-83.3056592000	317.30	284.35	235.66	-2.61	-2.41
IMG_0561.JPG	41.0368925000	-83.3061069000	316.05	283.19	229.21	-0.46	-4.60
IMG_0562.JPG	41.0366279000	-83.3065276000	316.10	284.11	216.78	-1.99	-3.97
IMG_0563.JPG	41.0364396000	-83.3067962000	316.23	284.80	232.10	5.05	-0.70
IMG_0564.JPG	41.0362318000	-83.3072191000	313.66	282.27	232.76	-7.78	-3.54
IMG_0565.JPG	41.0365962000	-83.3073969000	321.40	285.12	37.67	7.62	1.53
IMG_0566.JPG	41.0367356000	-83.3071096000	320.45	285.49	58.83	7.31	2.77
IMG_0567.JPG	41.0368749000	-83.3067801000	320.18	285.91	56.95	2.06	-10.64
IMG_0568.JPG	41.0369790000	-83.3064314000	322.62	288.04	63.19	5.67	6.18
IMG_0569.JPG	41.0372041000	-83.3061626000	321.40	286.77	25.14	7.92	1.89
IMG_0570.JPG	41.0373809000	-83.3058745000	320.60	285.30	55.60	9.76	-0.40
IMG_0571.JPG	41.0375501000	-83.3055500000	321.16	285.08	52.82	8.12	-3.59
IMG_0572.JPG	41.0377102000	-83.3052520000	315.37	278.21	47.25	7.15	1.63
IMG_0573.JPG	41.0378221000	-83.3049599000	316.10	278.93	64.25	2.18	-5.49
IMG_0574.JPG	41.0382263000	-83.3054335000	318.59	284.39	246.91	0.67	2.77
IMG_0575.JPG	41.0378113000	-83.3060373000	320.54	285.57	219.19	6.85	-1.05
IMG_0576.JPG	41.0374852000	-83.3065602000	315.97	280.96	242.18	1.88	-2.66
IMG_0577.JPG	41.0372723000	-83.3070507000	315.67	281.03	236.58	-4.62	-5.48
IMG_0578.JPG	41.0370742000	-83.3075065000	320.49	288.63	238.95	-2.49	-6.85
IMG_0579.JPG	41.0370867000	-83.3082028000	314.55	277.68	52.42	0.15	-5.96
IMG_0580.JPG	41.0372333000	-83.3079160000	323.23	288.77	53.35	1.23	-10.90
IMG_0581.JPG	41.0373555000	-83.3076119000	318.07	283.30	65.60	5.73	-1.80
IMG_0582.JPG	41.0374608000	-83.3073278000	317.81	283.28	60.73	-0.28	-1.32
IMG_0583.JPG	41.0375846000	-83.3070226000	321.31	286.01	59.92	3.79	-5.42
IMG_0584.JPG	41.0377316000	-83.3067606000	318.65	284.14	70.69	5.17	-7.43
IMG_0585.JPG	41.0379075000	-83.3065335000	318.80	284.66	33.58	0.54	-4.16
IMG_0586.JPG	41.0380436000	-83.3062411500	321.31	286.84	66.73	2.83	-3.00
IMG_0587.JPG	41.0382106000	-83.3059367000	321.40	285.59	56.79	5.52	-4.34
IMG_0588.JPG	41.0383607333	-83.3056262667	322.42	286.41	58.75	8.33	1.92
IMG_0589.JPG	41.0379236000	-83.3059112000	318.58	284.29	252.52	7.24	-2.01
IMG_0590.JPG	41.0379207000	-83.3061515000	315.69	281.71	151.59	4.66	-1.19
IMG_0591.JPG	41.0376922000	-83.3059838000	312.71	279.69	156.11	0.61	0.65
IMG_0592.JPG	41.0373985500	-83.3057781500	313.08	280.12	150.56	-6.04	-7.88
IMG_0593.JPG	41.0371956000	-83.3055446000	314.21	282.17	145.91	-5.76	-5.53
IMG_0594.JPG	41.0370134000	-83.3053283000	314.66	282.37	129.73	-7.87	-14.75
IMG_0595.JPG	41.0367899000	-83.3051086000	312.01	279.41	153.65	-5.03	-11.54
IMG_0596.JPG	41.0364249000	-83.3049103000	313.65	280.66	162.43	-9.88	-8.73
IMG_0597.JPG	41.0361750000	-83.3047152000	312.62	280.56	141.41	-11.31	1.07
IMG_0598.JPG	41.0359603000	-83.3044672000	314.31	281.23	134.34	0.88	-0.96
IMG_0599.JPG	41.0357438000	-83.3042926000	316.76	285.01	154.35	-2.82	-0.24
IMG_0600.JPG	41.0346450000	-83.3057856000	315.74	282.74	59.41	5.22	2.24
IMG_0601.JPG	41.0347414000	-83.3055246000	316.34	284.39	81.94	-3.08	-4.65
IMG_0602.JPG	41.0348303000	-83.3052419000	320.04	287.66	59.98	-2.18	-6.11
IMG_0603.JPG	41.0349511000	-83.3049476000	325.32	291.98	63.92	0.63	-3.93
IMG_0604.JPG	41.0351075000	-83.3046840000	319.81	284.89	44.81	5.65	5.51
IMG_0605.JPG	41.0352723000	-83.3044583000	316.83	282.70	37.58	-0.03	-3.18
IMG_0606.JPG	41.0354327000	-83.3040435000	321.54	287.92	64.61	3.28	-3.61
IMG_0607.JPG	41.0362741000	-83.3067487000	316.77	282.03	72.71	5.58	-1.22
IMG_0608.JPG	41.0362404000	-83.3063560000	319.79	286.01	89.70	5.55	-2.59
IMG_0609.JPG	41.0362439000	-83.3059779000	318.49	284.20	97.29	4.87	-3.50
IMG_0610.JPG	41.0362331000	-83.3056269000	318.57	285.41	95.96	4.01	-2.57
IMG_0611.JPG	41.0362436000	-83.3052613000	321.34	285.96	94.94	6.02	-0.71
IMG_0612.JPG	41.0362653000	-83.3048512000	322.85	288.22	83.17	13.53	-14.32
